DATA=[3960	                          1106.728307	                          1285.047900
3920	                          1089.541486	                          1265.091884
3880	                          1072.357463	                          1245.139116
3840	                          1055.178201	                          1225.191876
3800	                          1038.006071	                          1205.252918
3760	                          1020.843790	                          1185.325396
3720	                          1003.694381	                          1165.412819
3680	                          986.5611217	                          1145.518994
3640	                          969.4475157	                          1125.647990
3600	                          952.3572541	                          1105.804091
3560	                          935.2941890	                          1085.991770
3520	                          918.2623074	                          1066.215657
3480	                          901.2657088	                          1046.480513
3440	                          884.3085854	                          1026.791203
3400	                          867.3952045	                          1007.152685
3360	                          850.5298928	                          987.5699801
3320	                          833.7170232	                          968.0481673
3280	                          816.9610021	                          948.5923626
3240	                          800.2662592	                          929.2077094
3200	                          783.6372378	                          909.8993670
3160	                          767.0783866	                          890.6725009
3120	                          750.5941524	                          871.5322743
3080	                          734.1889735	                          852.4838407
3040	                          717.8672743	                          833.5323373
3000	                          701.6334600	                          814.6828791
2960	                          685.4919125	                          795.9405540
2920	                          669.4469865	                          777.3104183
2880	                          653.5030061	                          758.7974929
2840	                          637.6642621	                          740.4067600
2800	                          621.9350095	                          722.1431601
2760	                          606.3194652	                          704.0115896
2720	                          590.8218064	                          686.0168986
2680	                          575.4461689	                          668.1638893
2640	                          560.1966457	                          650.4573143
2600	                          545.0772863	                          632.9018755
2560	                          530.0920954	                          615.5022229
2520	                          515.2450326	                          598.2629539
2480	                          500.5400114	                          581.1886128
2440	                          485.9808992	                          564.2836900
2400	                          471.5715169	                          547.5526220
2360	                          457.3156386	                          530.9997911
2320	                          443.2169916	                          514.6295251
2280	                          429.2792565	                          498.4460976
2240	                          415.5060672	                          482.4537281
2200	                          401.9010111	                          466.6565820
2160	                          388.4676294	                          451.0587710
2120	                          375.2094172	                          435.6643533
2080	                          362.1298239	                          420.4773342
2040	                          349.2322536	                          405.5016662
2000	                          336.5200655	                          390.7412498
1960	                          323.9965744	                          376.1999338
1920	                          311.6650509	                          361.8815159
1880	                          299.5287222	                          347.7897432
1840	                          287.5907723	                          333.9283127
1800	                          275.8543427	                          320.3008722
1760	                          264.3225330	                          306.9110206
1720	                          252.9984013	                          293.7623087
1680	                          241.8849647	                           280.858240
1640	                          230.9852000	                           268.202270
1600	                          220.3020442	                           255.797810
1560	                          209.8383951	                           243.648224
1520	                          199.5971118	                           231.756832
1480	                          189.5810153	                           220.126910
1440	                          179.7928891	                           208.761690
1400	                          170.2354797	                           197.664360
1360	                          160.9114973	                           186.838068
1320	                          151.8236163	                           176.285919
1280	                          142.9744757	                           166.010977
1240	                          134.3666798	                           156.016266
1200	                          126.0027989	                           146.304770
1160	                          117.8853695	                           136.879435
1120	                          110.0168952	                           127.743167
1080	                           102.399847	                           118.898836
1040	                           95.036664	                           110.349273
1000	                           87.929753	                           102.097274
960	                           81.081491	                           94.145598
920	                           74.494224	                           86.496969
880	                           68.170268	                           79.154077
840	                           62.111909	                           72.119576
800	                           56.321405	                           65.396088
760	                           50.800985	                           58.986200
720	                           45.552850	                           52.892469
680	                           40.579173	                           47.117418
640	                           35.882101	                           41.663539
600	                           31.463753	                           36.533293
560	                           27.326223	                           31.729111
520	                           23.471578	                           27.253393
480	                           19.901860	                           23.108510
440	                           16.619086	                           19.296805
400	                           13.625249	                           15.820591
360	                           10.922317	                           12.682154
320	                            8.512235	                            9.883752
280	                            6.396924	                            7.427616
240	                            4.578283	                            5.315950
200	                            3.058187	                            3.550932
160	                            1.838490	                            2.134714
120	                            0.921023	                            1.069422
80	                            0.307597	                            0.357158
