DATA=[3960	                          1106.728307	                          1247.850970
3920	                          1089.541486	                          1228.552096
3880	                          1072.357463	                          1209.256019
3840	                          1055.178201	                          1189.964704
3800	                          1038.006071	                          1170.680520
3760	                          1020.843790	                          1151.406187
3720	                          1003.694381	                          1132.144724
3680	                          986.5611217	                          1112.899412
3640	                          969.4475157	                          1093.673752
3600	                          952.3572541	                          1074.471437
3560	                          935.2941890	                          1055.296319
3520	                          918.2623074	                          1036.152384
3480	                          901.2657088	                          1017.043732
3440	                          884.3085854	                          997.9745555
3400	                          867.3952045	                          978.9491213
3360	                          850.5298928	                          959.9717563
3320	                          833.7170232	                          941.0468334
3280	                          816.9610021	                          922.1787590
3240	                          800.2662592	                          903.3730597
3200	                          783.6372378	                          884.6357709
3160	                          767.0783866	                          865.9727627
3120	                          750.5941524	                          847.3897604
3080	                          734.1889735	                          828.8923625
3040	                          717.8672743	                          810.4860556
3000	                          701.6334600	                          792.1762261
2960	                          685.4919125	                          773.9681697
2920	                          669.4469865	                          755.8670984
2880	                          653.5030061	                          737.8781463
2840	                          637.6642621	                          720.0063737
2800	                          621.9350095	                          702.2567703
2760	                          606.3194652	                          684.6342580
2720	                          590.8218064	                          667.1436926
2680	                          575.4461689	                          649.7898655
2640	                          560.1966457	                          632.5775048
2600	                          545.0772863	                          615.5112765
2560	                          530.0920954	                          598.5957854
2520	                          515.2450326	                          581.8355755
2480	                          500.5400114	                          565.2351311
2440	                          485.9808992	                          548.7988772
2400	                          471.5715169	                          532.5311803
2360	                          457.3156386	                          516.4363487
2320	                          443.2169916	                          500.5186332
2280	                          429.2792565	                          484.7822279
2240	                          415.5060672	                          469.2312706
2200	                          401.9010111	                          453.8698433
2160	                          388.4676294	                          438.7019731
2120	                          375.2094172	                          423.7316325
2080	                          362.1298239	                          408.9627403
2040	                          349.2322536	                          394.3991622
2000	                          336.5200655	                          380.0447113
1960	                          323.9965744	                          365.9031489
1920	                          311.6650509	                          351.9781852
1880	                          299.5287222	                          338.2734799
1840	                          287.5907723	                          324.7926430
1800	                          275.8543427	                          311.5392353
1760	                          264.3225330	                          298.5167692
1720	                          252.9984013	                          285.7287096
1680	                          241.8849647	                          273.1784743
1640	                          230.9852000	                          260.8694348
1600	                          220.3020442	                          248.8049170
1560	                          209.8383951	                           236.988202
1520	                          199.5971118	                           225.422527
1480	                          189.5810153	                           214.111084
1440	                          179.7928891	                           203.057025
1400	                          170.2354797	                           192.263457
1360	                          160.9114973	                           181.733448
1320	                          151.8236163	                           171.470023
1280	                          142.9744757	                           161.476169
1240	                          134.3666798	                           151.754831
1200	                          126.0027989	                           142.308918
1160	                          117.8853695	                           133.141298
1120	                          110.0168952	                           124.254803
1080	                           102.399847	                           115.652228
1040	                           95.036664	                           107.336331
1000	                           87.929753	                           99.309835
960	                           81.081491	                           91.575427
920	                           74.494224	                           84.135760
880	                           68.170268	                           76.993453
840	                           62.111909	                           70.151090
800	                           56.321405	                           63.611225
760	                           50.800985	                           57.376377
720	                           45.552850	                           51.449035
680	                           40.579173	                           45.831656
640	                           35.882101	                           40.526666
600	                           31.463753	                           35.536461
560	                           27.326223	                           30.863408
520	                           23.471578	                           26.509843
480	                           19.901860	                           22.478075
440	                           16.619086	                           18.770384
400	                           13.625249	                           15.389022
360	                           10.922317	                           12.336214
320	                            8.512235	                            9.614158
280	                            6.396924	                            7.225026
240	                            4.578283	                            5.170962
200	                            3.058187	                            3.454087
160	                            1.838490	                            2.076496
120	                            0.921023	                            1.040258
80	                            0.307597	                            0.347419
