exp=[0	6	13	19	25	31	38	44	50	359	371	383	396	408	421	434	446	460	675	687	699	712	724	737	750	762	775	787	800	813	826	838	850	863	878	1243	1255	1268	1280	1292	1305	1318	1331	1342	1356	1368	1381	1393	1406	1418	1431	1443	1456	1469	1482	1494	1507	1519	1532	1545	1730	1757	1787	1812	1837	1862	1887	1912	1938	1963	1988	2013	2037	2063	2088	2113	2138	2164	2190	2214	2239	2265	2290	2315	2341	2727	2752	2777	2802	2827	2839	2852	2865	2878	2890	2902
0	0,0006133	0,001178	0,00181	0,00234	0,001707	0,00111	0,0005305	0,00004095	0,000002857	0,001222857	0,002433857	0,003903857	0,005578857	0,004380857	0,003018857	0,001634857	0,000318057	0,000093257	0,001166587	0,001769457	0,002404257	0,003004257	0,003762257	0,004497257	0,005270257	0,006077257	0,005553257	0,004881257	0,004234257	0,003535257	0,002849257	0,002157257	0,001453257	0,000785657	0,000287537	0,000843737	0,001457537	0,002097537	0,002735537	0,003450537	0,004164537	0,004973537	0,005764537	0,006821537	0,008075537	0,009567537	0,011287537	0,011287537	0,010287537	0,009735537	0,009080537	0,008312537	0,007512537	0,006612537	0,005726537	0,004712537	0,003693537	0,002708537	0,001724537	0,001365627	0,001826527	0,002549627	0,003230627	0,003935627	0,004696627	0,005498627	0,006376627	0,007318627	0,008334627	0,009421627	0,010598627	0,012365627	0,011365627	0,010982627	0,010337627	0,009645627	0,008892627	0,008043627	0,007244627	0,006327627	0,005349627	0,004331627	0,003303627	0,002315327	0,001783717	0,002986717	0,004335717	0,005935717	0,007758717	0,008714717	0,009764717	0,010846717	0,011783717	0,013783717	0,015783717
];
calc=[0	10,01	20,02	30,03	40,04	50,05	60,06	70,07	80,08	90,09	100,1	110,11	120,12	130,13	140,14	150,15	160,16	170,17	180,18	190,19	200,2	210,21	220,22	230,23	240,24	250,25	260,26	270,27	280,28	290,29	300,3	310,31	320,32	330,33	340,34	350,35	360,36	370,37	380,38	390,39	400,4	410,41	420,42	430,43	440,44	450,45	460,46	470,47	480,48	490,49	500,5	510,51	520,52	530,53	540,54	550,55	560,56	570,57	580,58	590,59	600,6	610,61	620,62	630,63	640,64	650,65	660,66	670,67	680,68	690,69	700,7	710,71	720,72	730,73	740,74	750,75	760,76	770,77	780,78	790,79	800,8	810,81	820,82	830,83	840,84	850,85	860,86	870,87	880,88	890,89	900,9	910,91	920,92	930,93	940,94	950,95	960,96	970,97	980,98	990,99	1001	1011,01	1021,02	1031,03	1041,04	1051,05	1061,06	1071,07	1081,08	1091,09	1101,1	1111,11	1121,12	1131,13	1141,14	1151,15	1161,16	1171,17	1181,18	1191,19	1201,2	1211,21	1221,22	1231,23	1241,24	1251,25	1261,26	1271,27	1281,28	1291,29	1301,3	1311,31	1321,32	1331,33	1341,34	1351,35	1361,36	1371,37	1381,38	1391,39	1401,4	1411,41	1421,42	1431,43	1441,44	1451,45	1461,46	1471,47	1481,48	1491,49	1501,5	1511,51	1521,52	1531,53	1541,54	1551,55	1561,56	1571,57	1581,58	1591,59	1601,6	1611,61	1621,62	1631,63	1641,64	1651,65	1661,66	1671,67	1681,68	1691,69	1701,7	1711,71	1721,72	1731,73	1741,74	1751,75	1761,76	1771,77	1781,78	1791,79	1801,8	1811,81	1821,82	1831,83	1841,84	1851,85	1861,86	1871,87	1881,88	1891,89	1901,9	1911,91	1921,92	1931,93	1941,94	1951,95	1961,96	1971,97	1981,98	1991,99	2002	2012,01	2022,02	2032,03	2042,04	2052,05	2062,06	2072,07	2082,08	2092,09	2102,1	2112,11	2122,12	2132,13	2142,14	2152,15	2162,16	2172,17	2182,18	2192,19	2202,2	2212,21	2222,22	2232,23	2242,24	2252,25	2262,26	2272,27	2282,28	2292,29	2302,3	2312,31	2322,32	2332,33	2342,34	2352,35	2362,36	2372,37	2382,38	2392,39	2402,4	2412,41	2422,42	2432,43	2442,44	2452,45	2462,46	2472,47	2482,48	2492,49	2502,5	2512,51	2522,52	2532,53	2542,54	2552,55	2562,56	2572,57	2582,58	2592,59	2602,6	2612,61	2622,62	2632,63	2642,64	2652,65	2662,66	2672,67	2682,68	2692,69	2702,7	2712,71	2722,72	2732,73	2742,74	2752,75	2762,76	2772,77	2782,78	2792,79	2802,8	2812,81	2822,82	2832,83	2842,84	2852,85	2862,86	2872,87	2882,88	2892,89	2902,9
0	0,0011634322	0,002473201	0,0027491673	0,0016738375	0,0004574988	0,0003146808	0,000253104	0,0002149115	0,0001882635	0,0001683779	0,0001528596	0,0001403519	0,0001300198	0,0001213177	0,0001138723	0,0001074184	0,0001017622	9,67584068851203E-005	9,22955445023969E-005	8,82867787973838E-005	8,46632726421277E-005	8,13697138913595E-005	7,83611088081035E-005	7,56004539667944E-005	0,000073057	0,000070705	6,85227807564452E-005	6,64917164679813E-005	0,000064596	6,28219335653703E-005	6,1157691421839E-005	5,95929348145324E-005	5,81186165808305E-005	5,6726776720742E-005	5,54103819470772E-005	0,0001915789	0,0013885869	0,0027091228	0,0040998858	0,0055425686	0,0067417001	0,0058635526	0,0047707845	0,0035657085	0,0022821822	0,0010860494	0,0008922495	0,0007784722	0,0006977862	0,0006361638	0,0005869781	0,0005465122	0,0005124647	0,0004833129	0,0004579995	0,0004357627	0,0004160368	0,0003983916	0,0003824932	0,0003680779	0,0003549341	0,00034289	0,0003318043	0,0003215598	0,0003120582	0,0003032162	0,0002949633	0,0006028062	0,0012277537	0,001898521	0,0025999896	0,0033252956	0,0040703683	0,0048324685	0,0056096077	0,0064002673	0,0072032434	0,0073744615	0,0069336932	0,0064124723	0,0058400472	0,005229474	0,0045883414	0,0039216505	0,0032329573	0,002524924	0,0017996203	0,0013862372	0,0012644567	0,001174439	0,0011023724	0,0010423309	0,000991021	0,0009463716	0,0009069788	0,0008718408	0,0008402154	0,0008115362	0,0007853609	0,0007613376	0,0007391815	0,000718659	0,0006995765	0,0006817714	0,0006651061	0,0006494633	0,000634742	0,000620855	0,0006077262	0,0005952891	0,0005834849	0,0005722619	0,0005615741	0,0005513805	0,0005416442	0,0005323323	0,000523415	0,0005148656	0,0005066594	0,0004987745	0,0004911907	0,0004838893	0,0004768536	0,000470068	0,0009353971	0,0015754531	0,0022556309	0,0029641392	0,0036950993	0,0044448882	0,0052110155	0,0059916482	0,0067853732	0,0075910625	0,0084077921	0,0092347892	0,0100713967	0,0109170477	0,0117712475	0,0116712474	0,0112470104	0,010750869	0,0102057627	0,0096230456	0,0090096406	0,008370249	0,0077082866	0,0070263532	0,0063264966	0,0056103729	0,0048793495	0,0041345753	0,0033770289	0,0026075544	0,0023173364	0,0021740081	0,0020600821	0,0019645941	0,0018822324	0,0018098429	0,0017453446	0,0016872707	0,0016345391	0,0015863243	0,0015419795	0,0015009877	0,0014629282	0,0014274539	0,0013942748	0,001363146	0,0013338591	0,0013062348	0,0013235782	0,0015943047	0,0018955185	0,0022148458	0,0025478294	0,002891998	0,0032457395	0,0036079025	0,003977615	0,0043541892	0,0047370661	0,0051257804	0,0055199378	0,0059191993	0,0063232696	0,0067318888	0,0071448264	0,0075618762	0,0079828523	0,0084075867	0,0088359261	0,0092677306	0,0097028715	0,0101412303	0,0105826971	0,0110271702	0,0114745548	0,0119247625	0,0123777105	0,0128333212	0,0132915218	0,0134217172	0,0132629851	0,0130630136	0,0128359862	0,0125883969	0,0123240911	0,0120456445	0,0117549156	0,0114533142	0,0111419496	0,0108217186	0,0104933628	0,0101575055	0,0098146787	0,0094653421	0,0091098966	0,0087486953	0,0083820517	0,0080102458	0,0076335293	0,0072521298	0,006866254	0,0064760906	0,0060818125	0,0056835784	0,0052815352	0,0048758184	0,0044665541	0,0040538595	0,003637844	0,0032264576	0,0030918925	0,0029882545	0,0028995612	0,0028210425	0,0027502078	0,0026855032	0,0026258612	0,002570502	0,0025188313	0,0024703813	0,0024247748	0,0023817019	0,0023409035	0,0023021606	0,0022652857	0,0022301167	0,0021965126	0,0021643495	0,002133518	0,0021039209	0,0020754715	0,0020480919	0,0020217119	0,0019962681	0,0019717029	0,0019479638	0,0019250029	0,0019027763	0,0018812436	0,0018603678	0,0018401144	0,0018204519	0,0018013508	0,0017827838	0,0017647255	0,0017471523	0,0017300421	0,0017133741	0,0020156848	0,0026323425	0,0032946519	0,0039875974	0,0047043557	0,0054408817	0,0061944547	0,0069631007	0,0077453122	0,0085398947	0,0093458752	0,0101624428	0,0109889105	0,011824687	0,0126692578	0,0135221698	0,0143830213	0,0152514527
];

t_exp=exp(1,:);
ex_exp=exp(2,:);
t_calc=exp(1,:);
ex_calc=exp(2,:);
